% % test polygon
testpolygon = ...
    [150.0, 20.0;
     150.0, 20.8;
     150.8, 20.8;
     150.8, 20.0];

% % East Sea polygon for masking
espolygon = ...
    [130.2, 33.3;
     129.4, 35.5;
     129, 35.5;
     127, 39;
     127, 42;
     132, 44;
     140, 52;
     142.5, 52;
     142.3, 47;
     142, 46.5;
     142, 45;
     142, 43;
     141, 43;
     141, 42.8;
     140.2, 42.6;
     140.2, 42.2;
     140.4, 41.8;
     140.5, 41;
     140.5, 38;
     137, 36;
     136, 35;
     133, 35;
     131, 34];
 
 espolygon2 = ...
     [129.0, 35.2;
     129.3, 34.9;
     132.3, 37.1;
     132.3, 38.6;
     128.2, 38.6];
 es_khoapolygon = ...
    [130.5, 33.8;
     129.18, 35.16;
     129, 35.5;
     127, 39;
     127, 42;
     132, 44;
     140, 52;
     142.5, 52;
     142.3, 47;
     142, 46.5;
     142, 45;
     142, 43;
     141, 43;
     141, 42.8;
     140.2, 42.6;
     140.2, 42.2;
     140.4, 41.8;
     140.5, 41;
     140.5, 38;
     137, 36;
     136, 35;
     133, 35;
     131, 34];
 
 es_deeppolygon = ...
    [130.2, 31;
     129.4, 31;
     129, 35.5;
     127, 39;
     127, 42;
     132, 44;
     140, 52;
     142.5, 52;
     142.3, 47;
     142, 46.5;
     142, 45;
     142, 43;
     141, 43;
     141, 42.8;
     140.2, 42.6;
     140.2, 42.2;
     140.4, 41.8;
     140.5, 41;
     140.5, 38;
     137, 36;
     136, 35;
     133, 35;
     131, 34];
 
 sespolygon = ...
    [130.2, 33.3;
     129.4, 35.5;
     129, 35.5;
     127, 39;
     127, 40;
     140.5, 40;
     140.5, 38;
     137, 36;
     136, 35;
     133, 35;
     131, 34];
 
 ses_deeppolygon = ...
    [130.2, 31;
     129.4, 31;
     129, 35.5;
     127, 39;
     127, 40;
     140.5, 40;
     140.5, 38;
     137, 36;
     136, 35;
     133, 35;
     131, 34];
 
nespolygon = ...
    [127, 40;
     132, 44;
     140, 52;
     142.5, 52;
     142.3, 47;
     142, 46.5;
     142, 45;
     142, 43;
     141, 43;
     141, 42.8;
     140.2, 42.6;
     140.2, 42.2;
     140.4, 41.8;
     140.5, 40];
 
 ces_deeppolygon = ...
    [127, 40;
     127, 46;
     142, 46;
     142, 45;
     142, 43;
     141, 43;
     141, 42.8;
     140.2, 42.6;
     140.2, 42.2;
     140.4, 41.8;
     140.5, 40];
 
 nes_deeppolygon = ...
    [142, 46;
     142.5, 48;
     142.5, 52;
     127, 52;
     127, 46];
 
nwespolygon = ...
    [127, 40;
     132, 44;
     135, 44;
     135, 40];
 neespolygon = ...
    [135, 40;
     135, 44;
     140, 52;
     142.5, 52;
     142.3, 47;
     142, 46.5;
     142, 45;
     142, 43;
     141, 43;
     141, 42.8;
     140.2, 42.6;
     140.2, 42.2;
     140.4, 41.8;
     140.5, 40];
 
% % EKWC for masking (for DA)
   ekwcpolygon = ...
       [128.0, 40.0;
        133.0, 40.0
        133.0, 35.0;
        128.0, 35.0];
 
 % % North Korean coast polygon for walleye pollack
   nkcpolygon = ...
       [128.5, 40.0;
        128.7, 40.0;
	129.9, 41.0;
	128.5, 41.0];

 % % South Korean coast polygon for walleye pollack
   skcpolygon = ...
       [128.5, 38.5;
        128.7, 38.5;
	129.9, 37.5;
	128.5, 37.5];

 % % Wonsan Bay polygon for walleye pollack
   wbpolygon = ...
       [128.4, 38.5;
        128.4, 40.0;
	127.0, 40.0;
	127.0, 38.5];

% % East Korea Bay polygon for walleye pollack
   ekbpolygon = ...
       [130, 38.5;
        130, 41.0;
	127.0, 41.0;
	127.0, 38.5];